1077.79 0.0842111 0.00086932 0.075303 0.0080388 0.854273 -0.0462294 -0.462294 1076.85
1074.57 0.404288 0.00639578 0.362142 0.0357501 0.723326 -0.127906 -0.816763 1073.44
1070.34 1.00437 0.025066 0.893252 0.0860558 0.640093 -0.235237 -1.07332 1068.69
1065.32 2.01185 0.0719047 1.77677 0.16318 0.53912 -0.363659 -1.28422 1062.77
1059.9 3.72405 0.166567 3.28284 0.27464 0.411102 -0.512146 -1.48487 1055.77
1054.59 6.47962 0.328087 5.72009 0.431437 0.283258 -0.68013 -1.67984 1047.82
1049.81 10.5451 0.573538 9.31438 0.657208 0.183044 -0.866048 -1.85918 1039.08
1045.91 16.069 0.915238 14.197 0.95678 0.0979845 -1.06615 -2.00102 1029.74
1043.16 23.0938 1.36839 20.39 1.33539 0.036591 -1.27521 -2.09065 1020.03
1041.72 31.5183 1.92563 27.8237 1.76899 0.00364928 -1.48717 -2.11952 1010.2
1041.65 41.175 2.59957 36.2823 2.29319 0.00341109 -1.69676 -2.09595 1000.47
1043 51.8809 3.49648 45.5421 2.84225 0.0318429 -1.89895 -2.02189 991.083
1047.89 65.5655 6.92199 55.2557 3.38782 0.0872083 -2.08913 -1.9018 982.237
1048.29 74.0216 5.08417 64.9691 3.9683 0.157769 -2.26365 -1.74523 974.115
1052.6 85.4749 6.67422 74.306 4.49469 0.242583 -2.41898 -1.55322 966.887
1056.16 95.1323 7.35655 82.7874 4.98843 0.327829 -2.55211 -1.33131 960.696
1058.92 102.843 7.41569 90.0329 5.39466 0.408895 -2.66039 -1.08286 955.664
1061.62 109.263 7.86899 95.662 5.73174 0.473308 -2.74191 -0.815123 951.88
1065.02 112.532 9.07308 97.6229 5.83631 1.89251 -2.76958 -0.276711 950.595
1063.62 112.529 9.06966 97.6229 5.83635 0.49924 -2.76958 -5.28682e-06 950.595
1063.12 112.517 9.074 97.6078 5.83563 2.89337e-05 -2.76937 0.00209553 950.605
1063.12 112.508 9.07222 97.6003 5.83527 7.10917e-06 -2.76926 0.00105558 950.61
1063.11 112.498 9.07073 97.5927 5.8349 1.08328e-10 -2.76916 0.00105153 950.615
1063.11 112.489 9.06883 97.5852 5.83454 8.93392e-14 -2.76905 0.00105142 950.62
1063.1 112.478 9.06596 97.5776 5.83418 6.59177e-14 -2.76895 0.00105133 950.625
1063.1 112.464 9.06771 97.5625 5.83345 7.26243e-06 -2.76874 0.00210248 950.635
1063.1 112.442 9.07784 97.5323 5.83199 2.94783e-05 -2.76831 0.00422026 950.654
1062.88 111.703 9.08221 96.8231 5.79731 0.0591859 -2.7584 0.0991234 951.115
1061 107.742 7.8184 94.2587 5.66486 0.455405 -2.72215 0.362486 952.802
1058.82 102.765 7.31111 90.0352 5.41906 0.40677 -2.66095 0.611983 955.647
1057.5 97.5994 8.11822 84.379 5.10212 0.343033 -2.57685 0.841075 959.556
1061.79 97.7995 8.54628 84.1631 5.09019 4.28026 -2.57358 0.032638 959.708
1055.33 94.1089 6.62756 82.4974 4.98392 0.323886 -2.54804 0.255398 960.894
1054.99 93.4193 6.7598 81.7184 4.94109 0.120766 -2.53611 0.119302 961.448
1054.96 93.4079 6.76618 81.7016 4.94014 0.0891118 -2.53585 0.00258507 961.46
1054.87 93.402 6.76609 81.6961 4.93982 1.97548e-05 -2.53577 0.000847769 961.464
1054.86 93.3924 6.76811 81.6851 4.93919 4.55193e-06 -2.5356 0.00168215 961.472
1054.86 93.3721 6.77095 81.6632 4.93791 1.87688e-05 -2.53526 0.0033764 961.488
1054.48 91.6805 6.56832 80.2564 4.85577 0.300287 -2.5135 0.217686 962.499
1053.45 88.7164 6.45365 77.5633 4.69952 0.272956 -2.4713 0.42191 964.459
1051.59 84.0549 5.83268 73.7333 4.48895 0.234531 -2.41022 0.610869 967.299
1049.92 78.7893 5.59292 68.9939 4.2025 0.192179 -2.33199 0.782321 970.935
1048.63 73.2164 5.78684 63.5445 3.88507 0.146166 -2.23881 0.93173 975.265
1045.86 65.5955 4.40907 57.6264 3.55999 0.100098 -2.13334 1.05473 980.169
1044.15 58.5577 3.84538 51.5244 3.18783 0.0623763 -2.0181 1.1524 985.527
1042.89 51.6502 3.40258 45.4176 2.82999 0.0312534 -1.89596 1.2214 991.206
1047.39 51.2845 6.98736 41.6768 2.62042 1.2339 -1.81725 0.787108 994.867
1041.97 43.2854 2.9174 37.972 2.39598 0.00652113 -1.73539 0.818627 998.675
1041.62 39.0734 2.50681 34.3852 2.18137 0.00102378 -1.65227 0.831182 1002.54
1041.54 35.1659 2.18367 31.0015 1.98071 0.000280649 -1.56981 0.82459 1006.38
1041.95 31.8553 2.1709 27.8889 1.79548 0.00408229 -1.48986 0.799521 1010.1
1042.08 28.4512 1.72828 25.0945 1.62845 0.0117594 -1.41415 0.757047 1013.62
1042.54 25.6571 1.52482 22.6455 1.48682 0.0228706 -1.34438 0.697722 1016.86
1043.1 23.294 1.36995 20.5676 1.35636 0.0346186 -1.28186 0.625199 1019.77
1043.68 21.3452 1.24324 18.8501 1.25194 0.0473791 -1.22783 0.540342 1022.29
1044.23 19.8061 1.14532 17.4915 1.16928 0.0593779 -1.1833 0.445278 1024.36
1044.78 18.7609 1.17147 16.4818 1.10762 0.0695111 -1.14906 0.342383 1025.95
1045.04 17.9162 1.04093 15.8089 1.0664 0.0768957 -1.12564 0.234158 1027.04
1045.2 17.5065 1.00086 15.4606 1.04504 0.0809274 -1.11333 0.123152 1027.62
1045.22 17.4867 0.998815 15.4439 1.04405 0.0902896 -1.11273 0.00594139 1027.64
1045.06 17.8146 1.0186 15.7342 1.06184 0.0777486 -1.12302 -0.102834 1027.17
1044.76 18.485 1.06021 16.3267 1.09814 0.0711689 -1.14371 -0.206895 1026.2
1044.34 19.4948 1.12467 17.2175 1.15259 0.0620203 -1.17411 -0.304041 1024.79
1043.86 20.8443 1.21804 18.4028 1.22346 0.050884 -1.21331 -0.391991 1022.96
1043.32 22.5074 1.32088 19.8726 1.31391 0.0394774 -1.26027 -0.469572 1020.78
1042.81 24.4901 1.45504 21.6194 1.41557 0.0275256 -1.31369 -0.534208 1018.29
1042.36 26.7809 1.62723 23.6143 1.53941 0.0176926 -1.37232 -0.586291 1015.56
1041.95 29.2777 1.76581 25.8388 1.67307 0.00928341 -1.43472 -0.624017 1012.66
1041.94 32.2897 2.22101 28.2516 1.81718 0.00339654 -1.4994 -0.64682 1009.65
1041.53 34.9222 2.14955 30.8036 1.96902 0.000387204 -1.56485 -0.654519 1006.61
1041.59 37.9949 2.43626 33.4399 2.11877 0.000405741 -1.6295 -0.646462 1003.6
1041.68 40.9812 2.62016 36.0801 2.28095 0.00308687 -1.692 -0.625002 1000.69
1041.84 43.8806 2.77735 38.6692 2.43402 0.00819652 -1.75098 -0.58983 997.948
1042.25 46.7992 3.09597 41.132 2.57128 0.015422 -1.8051 -0.541196 995.431
1042.52 49.3125 3.22459 43.3777 2.71016 0.0229213 -1.85333 -0.482299 993.188
1043.05 51.7573 3.57606 45.3592 2.82206 0.0312788 -1.89465 -0.413219 991.266
1043.19 53.4465 3.5262 47.0012 2.91907 0.0386853 -1.9283 -0.336442 989.702
1043.41 54.8471 3.59364 48.2582 2.99521 0.044692 -1.9537 -0.253975 988.521
1043.63 55.8409 3.69954 49.0988 3.04263 0.0491519 -1.97043 -0.167357 987.743
1043.76 55.8992 3.70517 49.1484 3.04569 0.16253 -1.97142 -0.00987741 987.697
1043.5 55.4027 3.60717 48.7683 3.02724 0.0471602 -1.96393 0.0748492 988.045
1043.37 54.5609 3.59048 47.9872 2.9832 0.0431052 -1.94835 0.155886 988.77
1043.1 53.2159 3.45891 46.8408 2.91623 0.0375517 -1.92519 0.231597 989.848
1042.91 51.6348 3.42817 45.374 2.83268 0.0307876 -1.89518 0.300111 991.244
1042.5 49.5615 3.18328 43.6466 2.7316 0.0237043 -1.85915 0.360258 992.919
1042.23 47.3842 3.04897 41.7197 2.61547 0.0169066 -1.81804 0.411139 994.831
1041.94 45.0011 2.85364 39.6492 2.49827 0.0104604 -1.77294 0.450951 996.928
1041.8 42.6278 2.74955 37.512 2.36622 0.00563161 -1.72491 0.480352 999.162
1041.67 40.1946 2.59993 35.3506 2.24401 0.00196215 -1.67516 0.497467 1001.48
1042.26 38.4459 3.09155 33.2349 2.11939 0.000207641 -1.62486 0.502972 1003.82
1041.72 35.5933 2.38689 31.2109 1.99554 0.00020006 -1.57511 0.497535 1006.13
1041.61 33.2398 2.04617 29.3132 1.88049 0.00176638 -1.52699 0.481221 1008.37
1041.74 31.252 1.89918 27.5737 1.77908 0.0048224 -1.48158 0.454017 1010.48
1041.94 29.5058 1.79436 26.0236 1.68786 0.00891036 -1.43988 0.417036 1012.42
1042.14 27.976 1.68725 24.6815 1.60722 0.0135022 -1.40272 0.371635 1014.15
1042.36 26.7073 1.6113 23.5594 1.53658 0.0179404 -1.37077 0.319479 1015.64
1042.57 25.6999 1.55843 22.6592 1.48224 0.0222806 -1.34464 0.261274 1016.85
1042.73 24.933 1.50333 21.9867 1.44298 0.026026 -1.32482 0.198255 1017.77
1042.82 24.403 1.44284 21.545 1.41517 0.0284429 -1.31157 0.132439 1018.39
1042.88 24.1591 1.42789 21.3287 1.4025 0.0298007 -1.30507 0.0650499 1018.69
1042.88 24.163 1.42792 21.3326 1.40251 0.0287412 -1.30518 -0.00109378 1018.69
1042.82 24.4146 1.44462 21.5547 1.41531 0.0283384 -1.31185 -0.0667619 1018.38
1042.71 24.9043 1.47547 21.988 1.44089 0.0257833 -1.32479 -0.129393 1017.78
1042.57 25.6461 1.54273 22.6233 1.48006 0.0224648 -1.34358 -0.187916 1016.9
1042.58 26.7814 1.79978 23.4526 1.5291 0.0183467 -1.36766 -0.240761 1015.78
1042.23 27.7736 1.72349 24.4597 1.59041 0.0141353 -1.39638 -0.28719 1014.44
1042 29.0623 1.77274 25.631 1.65853 0.00981728 -1.42896 -0.325799 1012.93
1041.81 30.5315 1.85197 26.9407 1.73883 0.00620344 -1.46462 -0.356608 1011.27
1041.67 32.1575 1.96409 28.3696 1.82377 0.0031737 -1.50248 -0.378627 1009.51
1041.81 34.1166 2.31802 29.888 1.91057 0.00104439 -1.5416 -0.391136 1007.69
1041.55 35.6939 2.23241 31.4567 2.00483 8.83649e-05 -1.58108 -0.394845 1005.85
1041.52 37.4845 2.33979 33.0446 2.10017 0.000178118 -1.62006 -0.389747 1004.04
1041.56 39.2662 2.45794 34.6136 2.19471 0.00123937 -1.65767 -0.37612 1002.29
1041.63 40.9889 2.5787 36.126 2.28419 0.00315598 -1.69309 -0.354216 1000.64
1041.73 42.5949 2.68731 37.5429 2.36463 0.0057886 -1.72553 -0.324389 999.133
1041.95 44.1468 2.88477 38.8206 2.44148 0.00861088 -1.75434 -0.288167 997.792
1042.01 45.3551 2.91767 39.9306 2.5068 0.0115421 -1.77897 -0.246247 996.647
1042.09 46.3566 2.95414 40.8427 2.55974 0.0142624 -1.79893 -0.199628 995.718
1042.26 46.9892 3.05597 41.3436 2.58963 0.0540944 -1.80982 -0.108853 995.212
1042.27 47.025 3.056 41.3773 2.59171 0.0676366 -1.81055 -0.0073087 995.178
1042.14 46.7541 2.98465 41.1868 2.58265 0.0152221 -1.80647 0.0407885 995.368
1042.13 46.7429 2.98664 41.1743 2.58194 0.00954757 -1.8062 0.00271456 995.381
1042.1 46.4753 2.9611 40.9456 2.56863 0.0144596 -1.80124 0.0496244 995.612
1042.1 46.4198 2.96291 40.8913 2.56554 0.00940803 -1.80006 0.0117885 995.666
1042.06 46.1129 2.93344 40.6292 2.55022 0.0134839 -1.79435 0.0571079 995.932
1042.06 46.0853 2.93623 40.6005 2.54857 0.0169807 -1.79372 0.00625363 995.961
1042.05 46.0254 2.93716 40.543 2.54516 0.000261682 -1.79246 0.0125704 996.02
1042.04 45.9909 2.93669 40.5109 2.54327 0.000202133 -1.79176 0.00702017 996.052
1042.03 45.8586 2.92868 40.3936 2.53632 0.00228666 -1.78919 0.025689 996.172
1042.03 45.8483 2.92869 40.3839 2.53576 0.00364098 -1.78898 0.00213201 996.182
1042.03 45.7905 2.92546 40.3323 2.53269 0.000550986 -1.78785 0.0112968 996.234
1042.02 45.7235 2.92356 40.2709 2.52909 3.09706e-05 -1.7865 0.0134687 996.297
