2 0 0 0
1.9901 50 50 0
1.97049 49.505 49.0148 0.490148
1.94147 49.0148 47.0928 1.92196
1.90342 48.5295 44.3185 4.21099
1.85679 48.049 40.8082 7.24085
1.80215 47.5733 36.7049 10.8684
1.74011 47.1023 32.1723 14.93
1.67135 46.6359 27.3878 19.2481
1.59662 46.1742 22.5353 23.6389
1.51673 45.717 17.7979 27.9191
1.43251 45.2643 13.3505 31.9139
1.34485 44.8162 9.35332 35.4629
1.25463 44.3725 5.94593 38.4265
1.16279 43.9331 3.24191 40.6912
1.07025 43.4981 1.32509 42.1731
0.977929 43.0675 0.246759 42.8207
0.88674 42.6411 0.0243567 42.6167
0.797574 42.2189 0.641396 41.5775
0.711296 41.8009 2.0488 39.7521
0.628731 41.387 4.16749 37.2195
0.550659 40.9772 6.89203 34.0852
0.477809 40.5715 10.0954 30.4761
0.410851 40.1698 13.6342 26.5356
0.350388 39.7721 17.3549 22.4172
0.296956 39.3783 21.0998 18.2785
0.251014 38.9884 24.7135 14.2749
0.212942 38.6024 28.049 10.5534
0.18304 38.2202 30.973 7.24722
0.161523 37.8418 33.3711 4.47064
0.148521 37.4671 35.1522 2.31495
0.144078 37.0961 36.2508 0.845312
0.148153 36.7289 36.6301 0.0987091
0.160622 36.3652 36.2822 0.0830401
0.181278 36.0052 35.2278 0.777389
0.209836 35.6487 33.5153 2.13341
0.245935 35.2957 31.2179 4.07778
0.289142 34.9462 28.4307 6.51554
0.33896 34.6002 25.266 9.33429
0.394829 34.2577 21.8487 12.4089
0.456137 33.9185 18.3116 15.6069
0.522222 33.5827 14.7894 18.7933
0.592384 33.2502 11.4136 21.8366
0.665887 32.9209 8.30753 24.6134
0.741971 32.595 5.58157 27.0134
0.819855 32.2723 3.32896 28.9433
0.898752 31.9527 1.62261 30.3301
0.977871 31.6364 0.512554 31.1238
1.05643 31.3232 0.0244849 31.2987
1.13364 31.013 0.15919 30.8538
1.20877 30.706 0.893021 29.8129
1.28109 30.4019 2.17931 28.2226
1.34991 30.1009 3.95064 26.1503
1.41459 29.8029 6.12192 23.681
1.47452 29.5078 8.59409 20.9137
1.52915 29.2157 11.2582 17.9574
1.57801 28.9264 14.0001 14.9263
1.62066 28.64 16.7048 11.9352
1.65674 28.3564 19.261 9.09544
1.68597 28.0757 21.5657 6.51003
1.70811 27.7977 23.5276 4.27011
1.72302 27.5225 25.071 2.45146
1.73063 27.25 26.1381 1.11189
1.73093 26.9802 26.6909 0.289258
1.72398 26.713 26.7126 0.000440368
1.70994 26.4486 26.2075 0.24103
1.68901 26.1867 25.2007 0.985952
1.66146 25.9274 23.7366 2.19085
1.62764 25.6707 21.8765 3.79422
1.58793 25.4165 19.6964 5.72015
1.5428 25.1649 17.2833 7.88158
1.49274 24.9157 14.7318 10.184
1.4383 24.6691 12.1399 12.5292
1.38006 24.4248 9.6055 14.8193
1.31863 24.183 7.22234 16.9606
1.25466 23.9435 5.07636 18.8672
1.1888 23.7065 3.24254 20.4639
1.12172 23.4718 1.78219 21.6896
1.05409 23.2394 0.740733 22.4986
0.986608 23.0093 0.146311 22.863
0.919921 22.7815 0.00896792 22.7725
0.854688 22.5559 0.32063 22.2353
0.79154 22.3326 1.05578 21.2768
0.73108 22.1115 2.17279 19.9387
0.673882 21.8925 3.61589 18.2766
0.620479 21.6758 5.31764 16.3581
0.571363 21.4612 7.2018 14.2594
0.526976 21.2487 9.18649 12.0622
0.487713 21.0383 11.1876 9.85073
0.45391 20.83 13.1219 7.70809
0.425849 20.6238 14.9107 5.71306
0.403751 20.4196 16.4824 3.93711
0.387775 20.2174 17.7757 2.44173
0.378018 20.0172 18.741 1.27621
0.374516 19.819 19.3431 0.475945
0.377242 19.6228 19.5615 0.0613076
0.386107 19.4285 19.3914 0.0371535
0.400962 19.2361 18.8432 0.392929
0.421602 19.0457 17.9423 1.10339
0.447763 18.8571 16.7272 2.12989
0.479133 18.6704 15.2483 3.42214
0.51535 18.4856 13.5651 4.92046
0.556007 18.3025 11.7443 6.55827
0.600657 18.1213 9.85649 8.26483
0.648819 17.9419 7.97374 9.96816
0.699981 17.7643 6.16641 11.5979
0.753607 17.5884 4.50057 13.0878
0.809142 17.4142 3.03547 14.3788
0.866016 17.2418 1.82134 15.4205
0.923654 17.0711 0.897583 16.1735
0.981477 16.9021 0.291435 16.6106
1.03891 16.7347 0.0171546 16.7176
1.09539 16.569 0.0757044 16.4933
1.15037 16.405 0.454976 15.95
1.20331 16.2426 1.13052 15.112
1.25372 16.0818 2.06677 14.015
1.30111 15.9225 3.21862 12.7039
1.34506 15.7649 4.53343 11.2314
1.38515 15.6088 5.95321 9.65558
1.42103 15.4542 7.41702 8.03723
1.45239 15.3012 8.86342 6.43782
1.47896 15.1497 10.2329 4.91685
1.50052 14.9997 11.4701 3.52959
1.51692 14.8512 12.5262 2.32501
1.52803 14.7042 13.3603 1.34393
1.53381 14.5586 13.941 0.617646
1.53424 14.4145 14.2476 0.166826
1.52938 14.2717 14.2708 0.000941071
1.51933 14.1304 14.0123 0.118098
1.50423 13.9905 13.4852 0.505344
1.4843 13.852 12.7126 1.13939
1.45976 13.7149 11.7271 1.98774
1.43091 13.5791 10.5689 3.01012
1.39809 13.4446 9.28436 4.16027
1.36165 13.3115 7.92371 5.3878
1.32198 13.1797 6.53937 6.64034
1.27953 13.0492 5.18365 7.86557
1.23472 12.92 3.90672 9.0133
1.18803 12.7921 2.75468 10.0374
1.13995 12.6654 1.76786 10.8976
1.09096 12.54 0.979301 11.5607
1.04155 12.4159 0.413647 12.0022
0.992214 12.293 0.086303 12.2067
0.943447 12.1712 0.00303115 12.1682
0.895724 12.0507 0.159909 11.8908
0.849505 11.9314 0.543676 11.3877
0.805234 11.8133 1.13244 10.6809
0.76333 11.6963 1.89669 9.79964
0.724183 11.5805 2.80064 8.77988
0.688156 11.4659 3.80374 7.66212
0.655572 11.3523 4.86234 6.49
0.626722 11.2399 5.93152 5.30841
0.601852 11.1287 6.96684 4.16181
0.581171 11.0185 7.92608 3.09239
0.564842 10.9094 8.77087 2.1385
0.552983 10.8014 9.46812 1.33324
0.545667 10.6944 9.99122 0.703201
0.542922 10.5885 10.3209 0.267608
0.54473 10.4837 10.446 0.037677
0.551027 10.3799 10.3636 0.0163377
0.561707 10.2771 10.0788 0.198284
0.576621 10.1754 9.60503 0.570343
0.59558 10.0746 8.96247 1.11215
0.618354 9.97487 8.17779 1.79708
0.644682 9.87611 7.28267 2.59344
0.674268 9.77833 6.31253 3.4658
0.706785 9.68152 5.30508 4.37643
0.741883 9.58566 4.29875 5.2869
0.77919 9.49075 3.33121 6.15954
0.818314 9.39678 2.43785 6.95893
0.858849 9.30375 1.6505 7.65325
0.90038 9.21163 0.996185 8.21544
0.942486 9.12043 0.496208 8.62422
0.984745 9.03012 0.165391 8.86473
1.02674 8.94072 0.0116354 8.92908
1.06805 8.85219 0.0357427 8.81645
1.10828 8.76455 0.231525 8.53302
1.14703 8.67777 0.586186 8.09159
1.18395 8.59185 1.08095 7.5109
1.21868 8.50679 1.69193 6.81486
1.25091 8.42256 2.39114 6.03142
1.28033 8.33917 3.14771 5.19146
1.30668 8.2566 3.92913 4.32747
1.32973 8.17485 4.70258 3.47227
1.3493 8.09391 5.43621 2.6577
1.36521 8.01378 6.10038 1.9134
1.37734 7.93443 6.66877 1.26566
1.38562 7.85587 7.11937 0.736499
1.39 7.77809 7.43526 0.342832
1.39048 7.70108 7.60514 0.0959414
1.38708 7.62483 7.6237 0.00113122
1.37989 7.54934 7.4917 0.0576366
1.36901 7.47459 7.21582 0.258775
1.35458 7.40059 6.80826 0.592323
1.33678 7.32732 6.2862 1.04111
1.31582 7.25477 5.67098 1.58379
1.29195 7.18294 4.98719 2.19575
1.26542 7.11182 4.26165 2.85017
1.23652 7.04141 3.52232 3.51909
1.20557 6.97169 2.79715 4.17454
1.17289 6.90266 2.11299 4.78967
1.13882 6.83432 1.49459 5.33973
1.10372 6.76665 0.963619 5.80303
1.06794 6.69966 0.537893 6.16176
1.03183 6.63332 0.230764 6.40256
0.995773 6.56765 0.0506679 6.51698
0.960112 6.50262 0.000893379 6.50173
0.925198 6.43824 0.0795543 6.35868
0.891371 6.37449 0.279766 6.09473
0.858954 6.31138 0.590012 5.72137
0.828255 6.24889 0.994693 5.2542
0.79956 6.18702 1.47481 4.71221
0.773134 6.12576 2.0088 4.11696
0.749216 6.06511 2.5734 3.49171
0.728017 6.00506 3.14463 2.86043
0.709722 5.9456 3.69873 2.24688
0.694481 5.88674 4.21307 1.67366
0.682417 5.82845 4.66709 1.16137
0.673616 5.77075 5.04296 0.727783
0.668134 5.71361 5.32634 0.387274
0.665991 5.65704 5.50677 0.150271
0.667178 5.60103 5.57809 0.0229427
0.671647 5.54557 5.53854 0.00703459
0.679324 5.49067 5.39078 0.0998895
0.690099 5.4363 5.14167 0.294638
0.703836 5.38248 4.80193 0.58055
0.72037 5.32919 4.38565 0.943536
0.739508 5.27642 3.90966 1.36676
0.761036 5.22418 3.39281 1.83137
0.784717 5.17246 2.85519 2.31726
0.810294 5.12124 2.31735 2.8039
0.837497 5.07054 1.79941 3.27113
0.86604 5.02033 1.32036 3.69998
0.895626 4.97063 0.897268 4.07336
0.925953 4.92141 0.544697 4.37672
0.956712 4.87269 0.274151 4.59854
0.987596 4.82444 0.0936918 4.73075
1.0183 4.77668 0.00769326 4.76898
1.04851 4.72938 0.0167379 4.71264
1.07795 4.68256 0.11767 4.56489
1.10632 4.63619 0.303794 4.3324
1.13336 4.59029 0.565205 4.02509
1.15881 4.54484 0.889244 3.6556
1.18244 4.49984 1.26105 3.2388
1.20402 4.45529 1.66418 2.79111
1.22338 4.41118 2.0813 2.32988
1.24033 4.36751 2.49487 1.87264
1.25473 4.32426 2.88784 1.43642
1.26647 4.28145 3.24434 1.03711
1.27545 4.23906 3.55021 0.688846
1.28162 4.19709 3.79361 0.403473
1.28493 4.15553 3.96538 0.190151
1.2854 4.11439 4.05936 0.0550297
1.28303 4.07365 4.07258 0.00107439
1.27788 4.03332 4.00531 0.0280077
1.27004 3.99338 3.861 0.132386
1.2596 3.95385 3.64605 0.307798
1.24669 3.9147 3.36953 0.545173
1.23146 3.87594 3.04275 0.833191
1.2141 3.83756 2.67879 1.15877
1.19479 3.79957 2.29194 1.50763
1.17374 3.76195 1.89711 1.86484
1.15118 3.7247 1.50924 2.21546
1.12734 3.68782 1.14272 2.54511
1.10248 3.65131 0.810793 2.84052
1.07685 3.61516 0.525126 3.09003
1.05072 3.57936 0.295323 3.28404
1.02434 3.54393 0.128616 3.41531
0.997981 3.50884 0.0296198 3.47922
0.971903 3.4741 0.000203911 3.47389
0.946362 3.4397 0.0394725 3.40023
0.921604 3.40564 0.143854 3.26179
0.897868 3.37192 0.307295 3.06463
0.875378 3.33854 0.521545 2.81699
0.854345 3.30548 0.776527 2.52896
0.834962 3.27276 1.06077 2.21199
0.817405 3.24035 1.36187 1.87848
0.80183 3.20827 1.66704 1.54123
0.788371 3.1765 1.96357 1.21294
0.777141 3.14505 2.23934 0.905716
0.768228 3.11391 2.48331 0.630604
0.761699 3.08308 2.68591 0.397175
0.757593 3.05256 2.83938 0.21318
0.755928 3.02233 2.93806 0.0842777
0.756696 2.99241 2.97855 0.0138583
0.759866 2.96278 2.95983 0.00295069
0.765382 2.93345 2.88322 0.0502301
0.773166 2.9044 2.75229 0.152116
0.783119 2.87565 2.57269 0.302959
0.79512 2.84718 2.35188 0.4953
0.809032 2.81899 2.09878 0.720202
0.824696 2.79108 1.82345 0.96763
0.841941 2.76344 1.53657 1.22687
0.86058 2.73608 1.24913 1.48695
0.880415 2.70899 0.971893 1.7371
0.901238 2.68217 0.715025 1.96714
0.922832 2.65561 0.487697 2.16792
0.944977 2.62932 0.297743 2.33158
0.967447 2.60329 0.151377 2.45191
0.990017 2.57751 0.052985 2.52453
1.01246 2.55199 0.00498313 2.54701
1.03456 2.52672 0.00776531 2.51896
1.0561 2.50171 0.0597262 2.44198
1.07687 2.47694 0.157364 2.31957
1.09667 2.45241 0.295454 2.15696
1.11532 2.42813 0.467291 1.96084
1.13265 2.40409 0.664979 1.73911
1.14849 2.38029 0.879765 1.50052
1.1627 2.35672 1.1024 1.25432
1.17516 2.33339 1.32353 1.00986
1.18576 2.31028 1.53401 0.776272
1.19442 2.28741 1.72534 0.562066
1.20107 2.26476 1.88993 0.374833
1.20566 2.24234 2.02138 0.220957
1.20817 2.22014 2.11475 0.10539
1.20859 2.19816 2.16667 0.031486
1.20694 2.17639 2.1755 0.000896835
1.20327 2.15484 2.1413 0.0135454
1.19761 2.13351 2.06585 0.0676599
1.19006 2.11239 1.95251 0.159878
1.18069 2.09147 1.80606 0.285409
1.16964 2.07076 1.63251 0.438253
1.15701 2.05026 1.4388 0.611457
1.14295 2.02996 1.23255 0.797409
1.12761 2.00986 1.02171 0.98815
1.11117 1.98996 0.814269 1.17569
1.09378 1.97026 0.617919 1.35234
1.07564 1.95075 0.439777 1.51098
1.05693 1.93144 0.286103 1.64533
1.03785 1.91231 0.162078 1.75024
1.01857 1.89338 0.0716188 1.82176
0.999306 1.87463 0.0172478 1.85739
0.980237 1.85607 2.40695e-05 1.85605
0.961552 1.8377 0.0195288 1.81817
0.943433 1.8195 0.0739113 1.74559
0.926054 1.80149 0.15999 1.6415
0.909578 1.78365 0.273403 1.51025
0.894161 1.76599 0.408804 1.35719
0.879945 1.74851 0.560091 1.18841
0.867058 1.73119 0.720661 1.01053
0.855615 1.71405 0.88368 0.830374
0.845715 1.69708 1.04235 0.654728
0.83744 1.68028 1.1902 0.490079
0.830857 1.66364 1.32129 0.342352
0.826013 1.64717 1.43048 0.216696
0.82294 1.63086 1.51357 0.117292
0.821651 1.61472 1.56751 0.0472102
0.82214 1.59873 1.59042 0.00831149
0.824386 1.5829 1.5817 0.00119705
0.828348 1.56723 1.54202 0.0252099
0.83397 1.55171 1.47322 0.0784856
0.84118 1.53635 1.3783 0.158049
0.849892 1.52114 1.26118 0.259953
0.860004 1.50607 1.12662 0.379454
0.871401 1.49116 0.979951 0.511212
0.883959 1.4764 0.826885 0.649514
0.897541 1.46178 0.673277 0.788504
0.912004 1.44731 0.524888 0.92242
0.927194 1.43298 0.387166 1.04581
0.942955 1.41879 0.265033 1.15376
0.959125 1.40474 0.162705 1.24204
0.975539 1.39083 0.0835383 1.3073
0.992033 1.37706 0.0299163 1.34715
1.00844 1.36343 0.00317344 1.36026
1.02461 1.34993 0.00356406 1.34637
1.04037 1.33656 0.0302735 1.30629
1.05557 1.32333 0.0814712 1.24186
1.07007 1.31023 0.154403 1.15583
1.08374 1.29726 0.245516 1.05174
1.09644 1.28441 0.350616 0.933796
1.10806 1.2717 0.465045 0.80665
1.1185 1.2591 0.583871 0.675233
1.12766 1.24664 0.70209 0.544548
1.13546 1.23429 0.814822 0.419473
1.14185 1.22207 0.917502 0.304573
1.14677 1.20997 1.00605 0.203923
1.15018 1.19799 1.07703 0.120964
1.15208 1.18613 1.12776 0.0583718
1.15245 1.17439 1.15642 0.0179737
1.15131 1.16276 1.16207 0.000689926
1.14868 1.15125 1.14473 0.00651665
1.14461 1.13985 1.10531 0.0345437
1.13914 1.12857 1.04556 0.0830084
1.13235 1.11739 0.968009 0.149382
1.12432 1.10633 0.875845 0.230482
1.11513 1.09537 0.772759 0.322616
1.1049 1.08453 0.662802 0.421727
1.09373 1.07379 0.55022 0.523571
1.08174 1.06316 0.43928 0.623879
1.06907 1.05263 0.334102 0.718531
1.05583 1.04221 0.238501 0.803709
1.04217 1.03189 0.155842 0.87605
1.02823 1.02168 0.0889168 0.932758
1.01415 1.01156 0.0398456 0.971714
1.00006 1.00154 0.0100075 0.991537
0.986121 0.991628 2.08998e-07 0.991628
0.972452 0.98181 0.00963184 0.972178
0.959192 0.972089 0.0379443 0.934145
0.946467 0.962464 0.0832661 0.879198
0.934397 0.952935 0.143292 0.809643
0.923097 0.9435 0.215185 0.728315
0.912671 0.934158 0.295701 0.638458
0.903212 0.924909 0.381321 0.543588
0.894805 0.915752 0.468399 0.447353
0.887523 0.906685 0.553302 0.353383
0.881426 0.897708 0.632558 0.26515
0.876564 0.88882 0.702988 0.185832
0.872972 0.880019 0.761821 0.118198
0.870674 0.871306 0.806802 0.0645048
0.869678 0.86268 0.836263 0.0264161
0.869983 0.854138 0.849185 0.00495323
0.871572 0.845681 0.845217 0.000464681
0.874417 0.837308 0.824682 0.0126267
0.878478 0.829018 0.788549 0.0404689
0.883701 0.82081 0.738385 0.0824253
0.890024 0.812683 0.676276 0.136408
0.897373 0.804637 0.604739 0.199898
0.905665 0.79667 0.526616 0.270054
0.91481 0.788782 0.44495 0.343832
0.924707 0.780973 0.362868 0.418105
0.935252 0.77324 0.28345 0.489791
0.946334 0.765584 0.209614 0.55597
0.957837 0.758004 0.144004 0.614001
0.969644 0.750499 0.0888867 0.661613
0.981634 0.743069 0.0460757 0.696993
0.993687 0.735711 0.0168656 0.718846
1.00568 0.728427 0.00199243 0.726435
1.01751 0.721215 0.00161544 0.7196
1.02904 0.714074 0.0153225 0.698752
1.04017 0.707004 0.0421572 0.664847
1.05079 0.700004 0.0806674 0.619337
1.0608 0.693073 0.128972 0.564101
1.07011 0.686211 0.184843 0.501368
1.07864 0.679417 0.245801 0.433616
1.0863 0.67269 0.309216 0.363474
1.09304 0.66603 0.372416 0.293614
1.09878 0.659436 0.432788 0.226648
1.10349 0.652907 0.487887 0.16502
1.10713 0.646442 0.535522 0.11092
1.10967 0.640042 0.573841 0.0662007
1.1111 0.633705 0.601396 0.0323083
1.11142 0.62743 0.617192 0.0102381
1.11063 0.621218 0.620717 0.00050167
1.10875 0.615068 0.611951 0.00311691
1.10582 0.608978 0.591361 0.0176171
1.10186 0.602948 0.55987 0.0430785
1.09694 0.596978 0.518812 0.0781663
1.09111 0.591068 0.469874 0.121194
1.08443 0.585216 0.415017 0.170199
1.07698 0.579421 0.356401 0.223021
1.06884 0.573685 0.296289 0.277395
1.0601 0.568005 0.236963 0.331042
1.05086 0.562381 0.180627 0.381754
1.0412 0.556813 0.129326 0.427486
1.03123 0.5513 0.0848698 0.46643
1.02105 0.545841 0.0487616 0.49708
1.01076 0.540437 0.0221498 0.518287
1.00047 0.535086 0.00578744 0.529299
0.990269 0.529788 1.08203e-05 0.529777
0.98027 0.524543 0.00473458 0.519808
0.970566 0.519349 0.0194633 0.499886
0.961249 0.514207 0.043319 0.470888
0.952408 0.509116 0.0750833 0.434033
0.944125 0.504075 0.113252 0.390823
0.936478 0.499084 0.156099 0.342985
0.929536 0.494143 0.201751 0.292392
0.92336 0.48925 0.248261 0.240989
0.918004 0.484406 0.293687 0.190719
0.913512 0.47961 0.336171 0.143439
0.909922 0.474862 0.374006 0.100855
0.907259 0.47016 0.405704 0.0644563
0.90554 0.465505 0.430046 0.0354586
0.904774 0.460896 0.446131 0.0147651
0.904958 0.456333 0.453398 0.00293512
0.906082 0.451815 0.451645 0.000169723
0.908124 0.447341 0.441031 0.00631038
0.911056 0.442912 0.422059 0.0208525
0.914839 0.438527 0.395555 0.0429721
0.919428 0.434185 0.362621 0.0715643
0.924769 0.429886 0.324593 0.105293
0.930802 0.42563 0.282984 0.142646
0.937461 0.421416 0.239416 0.182
0.944673 0.417243 0.195556 0.221687
0.952361 0.413112 0.153054 0.260058
0.960445 0.409022 0.113473 0.295549
0.96884 0.404972 0.0782297 0.326742
0.977461 0.400962 0.0485458 0.352417
0.98622 0.396993 0.0253997 0.371593
0.995028 0.393062 0.00949453 0.383567
1.0038 0.38917 0.00123591 0.387934
1.01244 0.385317 0.000721474 0.384596
1.02088 0.381502 0.00774331 0.373759
1.02903 0.377725 0.0218021 0.355923
1.03681 0.373985 0.0421325 0.331852
1.04414 0.370282 0.0677384 0.302544
1.05097 0.366616 0.0974366 0.269179
1.05723 0.362986 0.129907 0.233079
1.06285 0.359392 0.163748 0.195644
1.0678 0.355834 0.197532 0.158302
1.07203 0.352311 0.229861 0.12245
